1500624130 203
1500819411 22664
1500819786 22665
1500820316 22665
1500820775 22310
1500829669 20410
1500830017 20410
1500830802 20410
1500831591 20387
1500832779 20124
1500832977 20048
1500853340 22110
1500987099 22055
1501075509 20895
1501146835 20906
1501257377 20877
1501372082 21064
1501372204 21297
1501524411 23921
1501545205 21344
1501550806 21397
1501555440 21417
1501609639 21392
1501667936 21412
1501687284 21404
1501708656 21380
1501709567 21382
1502397663 23921
1502398212 23923
1502488677 23947
1502489183 23927
1502489686 23974
1502490395 24305
1502492581 24277
1502719691 23749
1502916452 23680
1502916502 23680
1502917541 23602
1502917582 23583
1502928275 26021
1503040489 23725
1503067826 23745
1503410545 24032
1503433684 23728
1503435796 23737
1503530548 23890
1503596085 23745
1503600809 24346
1503602597 26084
1503609661 25053
1503684017 25052
1503770620 25011
1503776019 23965
1503851202 24346
1503853534 25011
1503881879 25043
1503881910 25161
1503959673 25256
1503963270 25293
1503970200 25343
1503970487 25343
1504048811 25720
1504064445 25934
1504132438 26085
1504138336 26093
1504212656 26662
1504494780 26021
1504542781 26031
1504622000 26031
1504625238 26659
1504638323 26659
1504653896 26836
1504654048 26892
1504654122 26891
1504655305 26896
1504665487 27019
1504729142 27019
1504740662 27290
1504831113 27493
1504896547 27907
1504896651 27907
1504905557 28025
1504908353 28112
1504908444 28110
1504915586 28616
1504975702 28595
1505089996 28671
1505090017 28834
1505143945 28867
1505145496 28886
1505152566 28930
1505156275 29000
1505174506 29265
1505245428 29285
1505258572 29757
1505318589 29265
1505342801 31290
1505543454 30125
1505543661 29766
1505544696 30178
1505546814 30152
1505677083 30670
1505698817 30849
1505786268 30673
1505786922 30673
1505788901 30699
1505804114 30476
1505946516 31576
1506097879 31704
1506342475 32787
1506393338 31851
1506555114 32940
1506640596 32946
1506641280 32953
1508039841 32637
1508048784 32878
1508898672 33408
1508900242 34073
1508982910 34086
1508984696 34086
1509525313 35426
1509525413 35044
1509585832 35096
1509588854 35090
1509589193 35092
1509595597 35091
1509604357 35196
1509657223 35249
1509704398 35254
1509859799 35237
1509867540 35830
1509921766 35289
1509949618 35409
1509956918 35680
1509964527 36207
1510051791 36391
1510100764 36298
1510226999 36313
1510227094 36324
1510309481 36364
1510309923 36367
1510771953 36362
1511065112 36354
1511070074 36796
1511088828 37101
1511138942 37060
1511144077 36998
1511158161 36863
1511159451 36860
1511175611 40263
1511228186 37538
1511346242 36891
1511346767 36905
1511346839 36913
1511437837 36976
1511492456 37007
1511497989 37341
1511518730 37412
1511518775 37482
1511518922 37547
1511587020 37529
1511892796 37547
1512097788 38017
1512133335 40339
1512345853 43736
1512428430 40260
1512440591 40099
1512445614 40155
1512447841 40202
1512471886 40265
1512473635 40263
1512480949 40271
1512482980 40459
1512491076 40356
1512493412 40447
1512494012 40449
1512498673 40509
1512501155 40458
1512553532 40463
1512573701 40529
1512574336 40620
1512574923 40571
1512576974 40667
1512622712 40521
1512650933 40524
1512654129 40540
1512663534 40540
1512663757 40547
1512663870 41067
1512663925 41775
1512726534 41776
1512726702 41776
1512738515 41803
1512739925 41796
1512750297 41909
1512750535 42182
1512833467 42995
1512833502 43051
1512853457 42256
1512912992 42782
1512986866 42991
1512997762 43174
1513007109 43450
1513007158 43449
1513010729 43178
1513010755 43178
1513015672 43738
1513053289 43178
1513072812 43183
1513157185 43455
1513166957 43468
1513166994 43712
1513180353 43718
1513182862 43726
1513246121 43726
1513251756 44074
1513252211 44075
1513283354 44135
1513341609 44292
1513395911 44292
1513496725 44636
1513504065 44636
1513537902 44636
1513603961 45195
1513677583 45514
1513830317 45731
1513857094 45847
1514041578 46305
1514757218 47127
1514885281 47700
1514929969 47781
1515071900 48211
1515073552 47757
1515196199 48238
1515283039 48751
1515353528 49052
1515571419 49056
1515671839 49057
1515688769 49059
1515694875 49071
1515705968 49056
1515730952 50302
1515780528 50334
1515831935 50734
1515835597 50724
1515854273 50724
1515889676 50710
1515912784 50792
1515969373 50808
1515985190 51061
1516021199 51660
1516098584 51894
1516136930 51906
1516211166 52437
1516229632 51907
1516301925 52437
1516380845 52399
1516399543 51570
1516485837 51433
1516501723 51440
1516597062 51748
1516684460 51912
1516694872 52026
1516696258 52119
1516821932 52119
1516862088 52129
1516953133 52335
1516954501 52334
1517531893 52425
1517532207 52334
1517954610 52514
1518147563 52523
1518148208 53007
1518437467 53007
1518605870 53015
1518683661 53022
1518687792 53036
1518690093 53042
1518710660 53046
1518715437 53062
1518930970 53046
1519034425 53070
1519119809 53153
1519134393 53145
1519137409 53169
1519182738 53756
1519182863 53740
1519184675 54870
1519205369 53816
1519262085 53817
1519326537 53830
1519330466 53834
1519346523 53840
1519535310 53852
1519553384 53856
1519566114 53858
1519691607 53862
1520262682 53863
1520268959 53887
1520270318 53915
1520274503 55220
1520283516 53920
1520349454 53963
1520352898 54080
1520353611 54029
1520359750 53982
1520360249 54172
1520361794 54183
1520363567 54196
1520370766 53946
1520499063 54333
1520499342 54336
1520502148 54345
1520504728 54630
1520513656 54870
1520522462 54880
1520534078 54878
1520602764 54867
1520607309 54881
1520607499 54881
1520710673 55304
1520774765 55273
1520800072 56088
1520870971 55386
1520883943 55441
1520935069 55610
1521012092 55833
1521067909 55814
1521089840 55810
1521639761 55814
1521639999 55818
1521675057 55821
1521724082 55833
1522022380 55833
1522303923 55928
1522337026 55840
1522631969 55951
1522632612 55979
1522805006 56072
1522901273 56085
1522901636 56186
1522901788 56190
1522902165 56441
1522902923 56518
1522904392 56514
1522904702 56515
1522905719 56516
1523155130 56585
1523158539 56593
1523162725 56595
1523163654 56674
1523262580 56672
1523266340 56672
1523299149 56674
1523358163 56726
1523358832 56752
1523361517 56745
1523363928 56770
1523434484 57111
1523435010 57107
1523447433 57020
1523450986 57020
1523452643 57059
1523455527 57056
1523458145 57057
1523548083 57452
1523640349 57241
1523806619 57242
1523806743 57333
1523807893 57627
1523897589 57623
1523903123 57649
1523903357 57627
1523919606 57659
1523919704 57659
1523921945 57679
1523944433 57671
1524013722 57711
1524123726 57762
1524137195 57708
1524142167 57708
1524435118 69949
1524593755 57760
1524594155 57894
1524594299 57936
1524594348 58065
1524594392 58077
1524594620 58085
1524599826 58115
1524603619 58235
1524615370 58308
1524615472 58330
1524618689 58341
1524622729 58344
1524654409 58790
1524656549 58800
1524659301 59568
1524659758 59569
1524731470 71292
1524742710 59888
1524760150 59833
1524979632 59833
1525027030 59858
1525369612 59896
1525441674 60104
1525463269 60104
1525697920 64529
1525779055 60111
1525795816 60113
1525800937 60851
1525858418 60306
1525861186 60364
1525873257 60365
1525881000 70050
1525883607 60842
1525952681 60510
1525958987 60606
1526545337 61990
1526553301 64714
1526559575 64715
1526560731 64715
1526620424 62272
1526634859 62408
1526779706 63112
1526812632 63223
1526907985 64417
1526917300 63226
1526917477 64124
1526981201 64395
1527002475 67752
1527002775 67759
1527008306 67899
1527009734 67961
1527086764 64553
1527088705 64638
1527095802 64717
1527096025 64858
1527096055 64858
1527113671 64997
1527113782 64999
1527147426 64996
1527147581 64870
1527170099 65010
1527242141 65218
1527242259 65218
1527257706 65211
1527458852 65212
1527458966 65209
1527459078 65214
1527459117 65221
1527459318 65457
1527464876 65457
1527475842 65337
1527510641 65360
1527512336 65397
1527580066 65416
1527581994 65423
1527599282 65686
1527601734 65698
1527628723 65700
1527628817 66285
1527634669 66288
1527708583 66485
1527750024 66934
1527907729 66950
1527907769 66982
1527907830 67671
1527907902 67671
1528162922 69731
1528817692 67969
1528817740 67966
1528817816 68369
1528824743 68404
1528828136 68405
1528904941 68592
1529008114 68405
1529185126 68543
1529416425 68811
1529433142 68966
1529545377 69149
1529548938 69149
1529582326 69149
1529582812 69256
1529913259 69728
1529918823 69733
1529919655 69731
1529919806 69735
1529919948 69750
1529939460 69750
1530153436 71631
1530155236 70988
1530155660 70995
1530198776 73014
1530333387 69824
1530333415 69821
1530333816 69902
1530400905 70915
1530405376 69933
1530529684 70622
1530529911 70050
1530571842 70626
1530718645 70632
1530781607 70713
1530858663 70666
1530861786 70709
1530863194 70705
1530869668 70710
1530870024 70739
1530943419 70857
1531075197 70892
1531078007 70892
1531164320 74468
1531365141 71355
1531399323 70952
1531407437 70995
1531742375 71237
1531750289 71301
1531757745 73020
1531783502 71304
1531783989 71325
1531784217 71749
1531784357 71382
1531784428 71406
1531784561 71622
1531785174 71749
1531786584 71753
1531786642 71747
1531786933 71819
1531793638 71824
1531793714 71825
1531798702 71826
1531802102 71826
1531805545 71826
1531862215 71948
1531864854 71955
1531881781 71954
1531915347 73008
1531921073 86846
1531940236 73026
1531982209 73085
1531984689 73085
1531986177 73072
1531997678 73181
1532006859 73282
1532006898 73285
1532009207 73283
1532028875 73832
1532063841 73990
1532153375 74018
1532189436 74003
1532195882 74002
1532196133 74006
1532196373 74006
1532281059 74037
1532286191 74028
1532390780 74013
1532423731 74016
1532525830 74468
1532712075 74480
1532749857 74650
1532939110 74654
1532940105 74648
1532940967 74672
1532941269 74682
1532941602 74683
1532942867 74722
1532944134 75178
1532944909 75215
1532975712 75231
1533290009 75234
1533422423 75575
1533422631 75601
1533422835 75689
1533426795 75775
1533523727 75817
1533523826 75823
1533523973 75817
1533546506 76011
1533552182 76011
1533567942 76028
1533600305 76043
1533635480 76078
1533638597 76466
1533688130 76487
1533702528 76488
1533702566 76490
1533702730 76647
1533703477 76643
1533725857 76823
1533739890 76889
1533741176 77189
1533753598 76897
1533764457 77201
1533796917 76943
1533827919 76941
1533827956 76939
1533830787 76943
1533893833 76938
1533899028 77133
1533899549 77201
1533905452 77351
1533905554 77397
1533906255 77431
1533906401 77440
1533906440 77447
1533906859 77708
1533908660 78066
1533908744 78310
1533909903 78310
1533919466 78312
1533924153 78312
1533974391 78307
1534057762 78320
1534078376 78315
1534142780 78316
1534143211 78316
1534143901 78316
1534146600 78313
1534152334 78313
1534158246 78318
1534225309 78317
1534225349 78350
1534225456 78365
1534237195 78434
1534237625 78450
1534238045 78451
1534255237 78527
1534263173 80982
1534264994 80985
1534266473 78516
1534267060 81066
1534342597 78560
1534351641 81036
1534355126 81031
1534359976 81059
1534360452 81026
1534362447 78567
1534371241 78598
1534371377 78577
1534371440 78566
1534373032 78591
1534378917 78609
1534379134 78676
1534379373 78779
1534380428 79171
1534380848 79171
1534417095 79178
1534417244 80764
1534417773 79156
1534426367 81045
1534432984 80769
1534433559 80764
1534437707 81214
1534439558 80887
1534519407 81292
1534568117 80888
1534568424 80900
1534568459 80902
1534568547 80902
1534959432 81288
1534960017 81293
1534960086 81294
1534960216 81304
1535129085 81563
1535372330 81308
1535373457 81340
1535381173 81346
1535381309 81360
1535381339 81366
1535403779 81376
1535406209 81661
1535406336 81967
1535407607 81446
1535407730 81446
1535444545 81513
1535461348 81563
1535466431 83165
1535470394 81979
1535471739 82478
1535477938 82031
1535478010 82064
1535479793 82477
1535490200 83152
1535495283 82631
1535502364 82631
1535503359 82657
1535503515 82688
1535503613 82760
1535504022 82914
1535504113 82916
1535544698 83194
1535545497 83128
1535546312 82995
1535633756 83233
1535634057 83242
1535634130 83939
1535642943 97645
1535643019 83230
1535647188 83236
1535672714 83401
1535699664 83411
1535719498 83423
1535719667 83595
1535725107 83591
1535800214 83939
1535890071 84848
1535907902 84142
1535908959 84845
1535909803 84147
1535911121 84856
1535911633 85640
1535912283 86070
1535912337 86330
1535920513 86334
1535924970 86348
1535926215 86349
1535930848 86526
1535935671 86622
1535935919 86649
1535964184 86528
1535966221 86623
1535975742 86923
1535978954 87221
1535982276 87747
1535988364 86939
1536008335 86661
1536011132 106523
1536013894 86659
1536027063 86939
1536035750 86659
1536040192 86729
1536040418 86770
1536042293 86770
1536070710 86946
1536070980 86964
1536081855 86902
1536131330 86873
1536141078 86939
1536146142 86964
1536149094 86969
1536149150 86977
1536149976 87085
1536150810 87106
1536152830 87217
1536153483 87229
1536158153 87212
1536161155 87232
1536161591 87261
1536164619 87748
1536176680 87106
1536183963 87107
1536188668 87107
1536229796 92686
1536232171 87751
1536241381 93722
1536258493 87116
1536262795 87114
1536263981 87103
1536282833 87103
1536286020 87644
1536326962 87896
1536333346 87675
1536334058 87261
1536334187 87689
1536334327 87689
1536335036 87689
1536364916 88564
1536397542 88585
1536399846 87692
1536425884 87693
1536432861 87693
1536449106 87725
1536451905 87896
1536454975 88767
1536457922 88803
1536474408 88771
1536496577 88778
1536498078 87728
1536540305 87894
1536548071 87910
1536548112 87915
1536549040 87904
1536564238 88251
1536582282 88302
1536582627 88302
1536589096 88285
1536602275 88284
1536626999 88368
1536653239 88545
1536663752 88803
1536735562 88776
1536742270 93979
1536749773 92354
1536854861 88606
1536856056 88609
1536860572 88598
1536929262 88691
1536929493 88772
1537013947 89001
1537025352 89000
1537102219 89036
1537109781 100847
1537178299 89031
1537182803 89048
1537201790 89050
1537203628 89050
1537276804 89061
1537290522 89237
1537304617 89281
1537309643 89248
1537326422 89257
1537348741 89265
1537349065 89584
1537361494 90810
1537428857 89587
1537431914 89752
1537433043 89824
1537440491 89844
1537450401 89599
1537479657 89617
1537479678 89623
1537479809 89670
1537479933 89686
1537479998 89689
1537480133 89692
1537480180 89714
1537485662 89663
1537487208 89656
1537502944 89656
1537539447 89900
1537539628 89906
1537539715 90117
1537542394 90122
1537544789 89667
1537645336 90260
1537646364 90122
1537646407 90150
1537707304 90415
1537716243 90140
1537743303 90141
1537746883 90140
1537948440 97655
1537952475 94508
1537967727 92358
1537986071 97831
1537989924 94510
1538098384 94510
1538103920 92220
1538107021 94508
1538135501 90808
1538136470 90813
1538148356 93920
1538153917 90967
1538156999 92332
1538221723 90416
1538227975 90418
1538234865 97883
1538254877 97964
1538280988 94519
1538397627 90424
1538402319 93956
1538410217 90792
1538418282 90940
1538418392 90973
1538418910 90980
1538420029 92213
1538472844 92302
1538480285 92358
1538501554 96215
1538511239 94059
1538511254 94068
1538511447 94045
1538558690 94080
1538564085 94086
1538720336 94531
1538757437 96643
1538835534 98298
1538877158 94545
1538879661 94540
1538893698 94540
1538908555 94577
1538910956 94614
1538910974 94614
1538915938 95377
1538917732 94609
1538917768 94609
1538917789 94609
1538917960 94854
1538918260 94935
1538918544 94938
1538934737 95415
1538947059 117637
1538962040 94953
1538962140 95085
1538974170 95090
1538982448 95090
1538986044 95094
1539022083 95352
1539024689 95353
1539026271 95336
1539062055 95335
1539140355 95382
1539150911 102147
1539154894 95382
1539154989 95510
1539156438 95510
1539158694 95510
1539182802 96645
1539190404 95512
1539256963 96676
1539262391 96643
1539267712 98299
1539275179 98207
1539283385 107516
1539328477 96644
1539341822 96645
1539359381 98219
1539363678 98324
1539364934 98399
1539574024 96647
1539598323 98421
1539609143 98493
1539616869 98509
1539688070 98509
1539761102 100847
1539768351 100869
1539768478 100892
1539768532 100951
1539768558 101001
1539768577 101085
1539776752 101102
1539785546 101115
1539802605 101106
1539802656 101105
1539809366 101254
1539810063 101254
1539815622 101418
1539846534 101426
1539847172 101431
1539848581 101684
1539863294 101686
1539896523 101712
1539896700 101727
1539899696 101797
1539900870 101950
1539975521 105143
1540138139 107707
1540275207 102546
1540288041 102554
1540288136 102618
1540288699 102618
1540290374 102647
1540303366 121333
1540725593 105260
1540725615 105602
1540738499 101989
1540739585 102088
1540741059 102115
1540850243 101958
1540916675 102074
1540998928 102095
1541189911 102112
1541266228 102092
1541412424 102115
1541413229 102204
1541413308 102487
1541422021 102690
1541425988 102705
1541426021 102703
1541426224 102723
1541426368 102903
1541426517 103273
1541426595 103346
1541426625 103349
1541428797 103620
1541429032 104028
1541429404 104104
1541429793 104617
1541430532 104716
1541432824 105122
1541433637 105126
1541436031 105130
1541436241 105199
1541436396 105148
1541442606 105599
1541642701 106533
1541665780 107017
1541668563 106947
1541702531 107583
1541752792 106947
1541755230 107503
1541756581 107621
1541867126 107605
1542002492 107745
1542042832 107752
1542131111 107718
1542205487 107737
1542244634 107737
1542313776 107744
1542319363 107744
1542415772 107751
1542508626 107805
1542661409 109340
1542797625 109355
1542812165 109401
1542931969 120613
1542948678 109400
1543014738 111200
1543022336 111206
1543022432 111466
1543049632 109725
1543049792 109726
1543049825 110584
1543049930 110693
1543194655 112134
1543218067 112131
1543264201 112439
1543313968 110717
1543365135 112467
1543374985 110750
1543397781 111142
1543399021 111132
1543525731 112439
1543530394 111132
1543539946 111132
1543634761 112439
1543636904 112473
1543750918 111150
1543875295 112476
1544017371 112475
1544030145 112488
1544461033 112490
1544837804 113405
1544894269 112576
1544894292 112587
1544895084 112611
1544895126 112615
1544895223 112654
1545055168 112663
1545055733 112679
1545056066 112679
1545056128 113145
1545056356 113313
1545061858 113350
1545062510 113350
1545064425 113492
1545064472 113498
1545068103 113506
1545068424 113506
1545076025 113506
1545077448 113653
1545077950 113845
1545111947 113845
1545112132 113894
1545112272 113969
1545214247 117612
1545267286 126784
1545267322 126971
1545268572 127121
1545271173 126971
1545272482 127363
1545273874 127552
1545279069 128843
1545279524 128880
1545295245 114223
1545299750 114223
1545311459 114227
1545311520 114273
1545311572 114302
1545311619 114349
1545311686 114370
1545311719 114380
1545316109 114383
1545316175 114398
1545316212 114403
1545316282 114471
1545365571 114586
1545365640 114638
1545377706 114839
1545379921 115033
1545383156 115049
1545459055 115049
1545700341 115568
1545805865 121124
1545871548 115604
1545983364 115606
1546429177 115633
1546437450 115738
1546441937 115804
1546504118 118212
1546649023 116467
1546651685 116467
1546681764 116472
1546715106 116475
1546715130 116482
1546715150 116493
1546715199 116498
1546715358 116533
1546715424 116538
1546715518 116591
1546715545 116614
1546715569 116618
1546715627 116683
1546715830 116720
1546715945 117064
1546724277 117071
1546724318 117079
1546724467 117137
1546957617 123698
1547023715 117319
1547024876 117332
1547024903 117328
1547054121 117603
1547109729 117550
1547109988 117373
1547151990 117550
1547204079 117611
1547217354 117621
1547222690 117619
1547225984 123316
1547229559 117923
1547229699 117985
1547306358 117985
1547316180 121070
1547402525 118180
1547412987 118220
1547459894 118314
1547462879 118193
1547462962 118196
1547463257 118193
1547472636 118310
1547473801 121079
1547484510 121080
1547567464 118315
1547571923 118315
1547592216 118315
1547644484 118317
1547645599 118348
1547646638 118349
1547730839 125296
1547731444 125295
1547733323 125295
1547753858 118460
1547770893 118464
1547806389 118464
1547814003 118496
1547814392 118491
1547814517 118890
1547814546 119075
1547817004 118686
1547847023 119091
1547859009 119170
1547941404 119186
1548034935 119351
1548042649 120334
1548065570 120334
1548118921 120334
1548169218 120613
1548169330 120620
1548172164 120771
1548177599 120912
1548181950 121065
1548192553 121082
1548193077 120789
1548195715 120772
1548195803 120774
1548231318 123666
1548232532 123309
1548240180 121065
1548249678 121284
1548250892 123772
1548257739 121324
1548279996 123311
1548281204 123321
1548317857 121866
1548317912 122007
1548342162 122120
1548345261 122555
1548345863 122551
1548349928 122555
1548420460 122615
1548425424 122569
1548425864 122582
1548429058 122582
1548435012 122367
1548450342 122612
1548450881 122705
1548457238 123402
1548513146 122781
1548567353 122540
1548591712 122751
1548596303 122817
1548597857 122801
1548610549 124150
1548618987 124089
1548624704 122606
1548658937 123310
1548675021 123710
1548681510 123537
1548696290 123870
1548701567 123666
1548711553 123772
1548714118 123888
1548772000 125099
1548773279 124231
1548774498 124252
1548775658 124231
1548775887 124231
1548778732 124246
1548778817 124246
1548781544 124262
1548785618 124261
1548787113 124532
1548796538 124464
1548798190 124584
1548838622 124791
1548840368 124887
1548846881 126289
1548858656 126368
1548861059 125074
1548861391 124987
1548862638 125083
1548864430 125086
1548880101 125099
1548886523 125099
1548973655 125241
1548981009 125234
1549019611 125281
1549019639 125294
1549061290 125308
1549069651 125308
1549071661 125377
1549080055 125392
1549132932 125401
1549148352 125402
1549150035 125847
1549150869 125402
1549150956 125400
1549151009 125400
1549152290 125412
1549156116 125427
1549159588 125427
1549178088 125428
1549209705 125429
1549231241 125543
1549233070 125546
1549273438 125546
1549306817 125546
1549313377 125561
1549326917 125568
1549393956 125595
1549394779 125595
1549396028 125598
1549445372 126196
1549484147 126379
1549510885 127635
1549534933 126385
1549536574 126608
1549540973 126590
1549541619 126589
1549543639 126608
1549547899 126699
1549549919 132108
1549562905 126712
1549564637 126722
1549577909 127643
1549578767 126733
1549579942 127659
1549634409 128064
1549636982 127659
1549649466 127659
1549652745 127673
1549660305 127776
1549662919 127791
1549663290 127796
1549663995 127800
1549669277 127804
1549677393 127804
1549726717 127833
1549726900 127815
1549795191 127929
1549803662 127933
1549808705 128011
1549817070 128018
1549820160 128059
1549835400 128064
1549843896 128063
1549903818 128059
1549936097 128326
1549962746 128326
1549964757 128317
1549966635 128379
1549976982 128404
1549979213 128404
1549981685 128400
1549981959 128407
1549998641 128454
1550004635 128456
1550007880 128494
1550073668 128558
1550097038 128558
1550105495 128582
1550163864 128582
1550163891 128586
1550165174 128585
1550178114 130865
1550216409 128584
1550227239 128584
1550259476 128583
1550269776 128665
1550352249 128810
1550483157 128832
1550501301 129023
1550513230 129029
1550665982 129037
1550683927 129040
1550704084 129052
1550766287 129094
1550784905 129025
1550790456 129597
1550791934 130035
1550793337 130231
1550882500 129025
1550919025 132897
1550921857 129169
1550935092 130465
1550938120 130459
1550997587 139834
1551009567 129169
1551022594 129272
1551062463 130619
1551070322 129297
1551116138 133182
1551116178 133185
1551116204 133188
1551116239 133211
1551117088 133219
1551117146 133240
1551117268 133246
1551117287 133265
1551128495 129302
1551129656 129300
1551168106 132915
1551168225 132926
1551168336 132941
1551168384 132947
1551168407 132952
1551168481 133014
1551168523 133100
1551168579 133179
1551173671 133271
1551176852 133284
1551176986 133299
1551177316 133317
1551184087 133317
1551184187 133320
1551184198 133328
1551197425 133669
1551203843 129324
1551215085 129321
1551265344 129346
1551276384 129346
1551281119 129347
1551299558 129353
1551305643 129353
1551307031 129353
1551307528 132268
1551307551 132282
1551307612 129358
1551308017 129363
1551346420 129371
1551348575 129371
1551356097 133670
1551356145 133669
1551359412 133716
1551367578 132383
1551370411 132408
1551372944 129392
1551373777 132426
1551374401 129528
1551374833 132432
1551374946 134588
1551381295 129527
1551387323 129540
1551403276 130621
1551404329 130621
1551407885 130645
1551411272 130663
1551412089 130650
1551445116 132432
1551445817 129545
1551474881 130662
1551474938 130820
1551495812 132432
1551498294 132432
1551550409 132471
1551550924 132471
1551555808 132477
1551556518 132108
1551556711 132480
1551560603 132480
1551619175 132556
1551628903 132607
1551631687 134589
1551636312 132688
1551638350 134664
1551699447 132700
1551713169 132838
1551775491 134565
1551775845 134576
1551819319 134669
1551882084 134916
1551885394 134920
1551910302 134933
1551913270 134935
1551920842 134953
1551971841 135029
1551998139 134986
1552031218 135019
1552048974 135002
1552053705 135002
1552075850 135048
1552131278 135050
1552153424 139539
1552171760 135046
1552313180 135051
1552320550 135057
1552335112 135307
1552367094 135327
1552395214 135344
1552412266 135419
1552531238 135449
1552555913 135949
1552555961 135949
1552660102 142452
1552746521 136012
1552746648 136226
1552831653 136737
1552856834 136737
1552856886 136847
1552867469 136845
1553012163 137287
1553013068 137298
1553013637 137376
1553013969 137376
1553015069 137420
1553015269 137430
1553015887 137452
1553015914 137455
1553015926 137459
1553076891 137464
1553077455 137489
1553080530 137499
1553084731 137507
1553091368 136845
1553211865 136869
1553214518 137031
1553257363 137031
1553259478 137512
1553259808 137516
1553270534 137031
1553360113 137031
1553372896 137031
1553529567 137036
1553538248 137067
1553541709 137092
1553544215 137105
1553559079 137136
1553618791 137262
1553633610 137516
1553636147 137544
1553636766 137583
1553637292 137586
1553637325 137621
1553689235 137571
1553698655 137575
1553703961 142535
1553736519 137875
1553790301 137927
1553796095 137990
1553805120 137992
1553814694 137993
1553817879 137994
1553825475 138263
1553828161 138263
1553879309 138263
1553889814 139152
1553903788 139158
1553993321 139166
1554035499 139169
1554035541 139176
1554035721 139211
1554035759 139215
1554060783 139199
1554102081 139530
1554144486 139537
1554145702 139538
1554148697 139558
1554149248 139768
1554150019 139834
1554151733 140040
1554159336 140036
1554167098 140078
1554206272 140084
1554211430 140201
1554216283 140227
1554218564 140952
1554244138 142159
1554244414 140961
1554244458 140947
1554252314 140947
1554254042 140956
1554272879 141151
1554277095 141213
1554284106 141394
1554284255 141424
1554293421 141431
1554295086 141533
1554299341 144373
1554305414 141533
1554317774 141533
1554321966 141455
1554322947 141455
1554326350 141455
1554380517 141455
1554398178 141464
1554404688 141467
1554409691 141468
1554420466 141607
1554424872 141607
1554434052 141669
1554436875 141747
1554444700 141841
1554445813 141858
1554475055 142032
1554477667 142150
1554486274 142150
1554487535 142152
1554562747 142288
1554569531 142304
1554576357 142348
1554577702 142480
1554580522 142481
1554581950 142452
1554592871 142535
1554598995 142535
1554600856 142538
1554629366 142580
1554654559 142624
1554658581 142706
1554688778 142732
1554691310 142732
1554700887 144490
1554720622 144746
1554738591 144746
1554743481 144771
1554755372 145020
1554758736 144778
1554784075 145016
1554814254 145014
1554819401 145015
1554839168 145033
1554849844 145055
1554855177 145095
1554856805 145118
1554862138 145141
1554878896 145159
1554880623 145152
1554885901 145140
1554909843 145158
1554916480 145158
1554918567 145232
1554943817 145248
1554970278 145258
1554991860 145329
1555009739 145324
1555066754 145755
1555179236 145759
1555185402 145759
1555251388 145759
1555284396 145763
1555355387 145810
1555357300 145825
1555399172 145942
1555432372 145961
1555438216 146184
1555445539 146298
1555450698 146303
1555491825 149539
1555509180 149545
1555515231 149584
1555618555 149588
1555641197 149592
1555721361 149626
1555753635 149626
1555767599 149635
1555790823 149836
1555800165 149845
1555841263 149845
1555945253 149853
1555976915 149854
1556004126 149855
1556050547 149861
1556218682 149949
1556272366 149997
1556310425 149999
1556311923 149991
1556534798 149991
1556568723 150001
1556625205 150229
1556637636 150229
1556641351 150230
1556655437 150236
1556715231 150237
1556764503 150278
1556771859 150314
1556784494 150529
1556786453 150555
1556814574 150556
1556818329 150555
1556834152 150561
1556881185 150530
1556889061 150500
1556889851 150496
1556901019 151080
1556901346 151235
1556905028 151235
1556906286 151237
1556919269 151266
1556989564 151271
1557000093 151987
1557008199 151994
1557014210 151994
1557024054 151999
1557039765 152315
1557042610 152374
1557057450 152559
1557120898 152558
1557161437 152652
1557203330 152686
1557206754 152689
1557218719 152956
1557240542 152957
1557250075 152973
1557255826 153726
1557279851 153789
1557308834 153802
1557315720 153935
1557346816 153939
1557355227 153943
1557380209 153967
1557394160 154007
1557449628 154537
1557455546 154538
1557533381 154513
1557580461 154513
1557586803 154523
1557593191 154525
1557595590 154526
1557599723 154522
1557613009 154514
1557624078 154530
1557672695 154602
1557735620 154617
1557760355 153946
1557760910 153944
1557762121 154109
1557765596 154109
1557776012 154120
1557777657 154138
1557779771 154148
1557786503 154151
1557791653 154290
1557796998 154295
1557812117 154310
1557818680 154311
1557829491 155576
1557832413 155582
1557837799 156127
1557839192 156137
1557845189 156157
1557857735 156162
1557865281 156406
1557913465 156513
1557926787 156513
1557940102 156643
1557991452 156639
1558011507 156639
1558052199 156673
1558076198 156686
1558099221 156688
1558104385 156690
1558109600 156693
1558114715 157019
1558119221 157020
1558124502 157026
1558186077 157056
1558211804 157071
1558270076 157077
1558273162 157082
1558287609 157104
1558344419 157161
1558351013 157173
1558353149 157270
1558365110 157276
1558366619 157284
1558377319 157409
1558380424 157431
1558454468 157431
1558474182 157502
1558542760 157549
1558551876 157616
1558609680 157616
1558619406 157625
1558675799 157509
1558901520 157613
1559055695 157615
1559109782 157627
1559128222 157776
1559167560 158186
1559220227 158841
1559285038 158828
1559323615 158876
1559332184 158876
1559336387 159144
1559421514 159254
1559585135 159254
1559594169 159266
1559599899 159285
1559656137 159285
1559681346 159305
1559721270 159430
1559839538 159412
1559920885 159432
1559926479 159441
1560035489 159827
1560152332 160815
1560173917 160888
1560227979 160871
1560271984 160872
1560275210 160979
1560280213 160972
1560287199 161037
1560314745 161036
1560519352 161036
1560534058 161342
1560562200 161558
1560711892 161838
1560713323 162535
1560776995 162556
1560895590 162556
1560931398 162588
1560978028 162615
1561019431 162736
1561255316 162740
1561379631 162754
1561463642 162761
1561467633 162770
1561473039 162765
1561551093 162768
1561633950 162770
1561712995 162775
1561734660 162775
1561811473 162895
1561814936 162901
1561827388 162905
1562000472 162913
1562003858 162915
1562009744 162990
1562041746 163030
1562066903 163217
1562073069 163223
1562115499 164606
1562144522 164606
1562146920 165414
1562157872 165426
1562167541 165450
1562177452 165482
1562191764 165499
1562197970 165597
1562204396 165599
1562211222 165693
1562217393 165699
1562223444 165703
1562229949 165738
1562235893 165738
1562242482 165738
1562250671 165747
1562258859 165752
1562264249 165756
1562269742 165759
1562302960 165771
1562304667 165740
1562341462 165825
1562346224 165826
1562358647 165846
1562412571 165852
1562452241 165855
1562532500 165832
1562624418 165832
1562633466 165831
1562662844 165837
1562663195 165837
1562670307 165837
1562674539 165890
1562684651 165892
1562687754 165892
1562704442 166148
1562711263 166218
1562717418 166253
1562725493 166522
1562737749 166521
1562764206 166521
1562772153 166521
1562774271 166527
1562783132 166652
1562787564 166652
1562794400 166778
1562818720 166792
1562830865 166872
1562839951 166891
1562853497 166891
1562869456 167062
1562879036 167084
1562895802 167212
1562961955 167262
1562968033 167261
1562982418 167596
1563035107 167755
1563041826 167770
1563051294 167829
1563081905 167820
1563102854 168147
1563151490 168229
1563196175 168229
1563202132 168232
1563226536 168232
1563310909 168398
1563314441 168398
1563357361 168515
1563379026 168515
1563431223 168515
1563462954 168887
1563545342 169730
1563547167 169720
1563556152 169713
1563605377 170207
1563644026 170207
1563648628 170211
1563758005 170211
1563759342 170217
1563779592 170190
1563782424 170366
1563794431 171481
1563812969 171699
1563824742 171748
1563880207 171748
1563945288 171726
1563966226 171807
1563982335 171809
1564044356 172236
1564044508 172239
1564051250 172236
1564056596 172237
1564290796 172257
1564310105 172268
1564399367 172589
1564409580 172771
1564417063 172901
1564434606 172925
1564469904 172928
1564487146 173028
1564562276 173200
1564569670 173249
1564579738 173271
1564583828 173274
1564591698 173440
1564671746 173518
1564678875 173649
1564750134 173652
1564757538 173821
1564758878 173824
1564766107 173841
1564805696 173847
1564892468 173847
1564996559 173850
1565017281 173835
1565041062 173848
1565099885 173848
1565164247 174038
1565231757 174784
1565266447 174789
1565344658 174820
1565409880 174952
1565515267 174951
1565604880 174975
1565610924 174980
1565617287 174984
1565623690 174994
1565625556 174995
1565631735 175013
1565702385 175013
1565709177 175013
1565798321 175015
1565805685 175027
1565845704 175061
1565864790 175104
1565868421 175102
1565881748 175089
1565893107 175086
1565900807 175439
1565908167 175709
1565914773 175892
1565921954 176185
1565950857 176336
1566068140 176346
1566075004 176349
1566157431 176406
1566213620 176430
1566220520 176433
1566221765 176560
1566234584 176569
1566241297 176670
1566248701 176670
1566292419 176670
1566303270 176773
1566306723 176777
1566315774 177464
1566337052 177523
1566344333 177466
1566351580 177680
1566358930 177681
1566366175 177159
1566385470 177670
1566389981 177748
1566416106 177813
1566459142 177813
1566469884 177975
1566487626 178011
1566498173 178019
1566549941 178237
1566554449 178240
1566554830 178240
1566807193 178244
1566831025 178306
1566839467 178304
1566940765 178305
1566983850 178305
1566987249 178309
1567009258 178310
1567027886 178343
1567081884 178355
1567114285 178358
1567165726 178868
1567181639 178969
1567185412 178986
1567195644 178986
1567283910 179142
1567291048 179146
1567337381 179151
1567404019 179198
1567410876 179198
1567426718 179319
1567433989 179461
1567495451 179469
1567511503 179475
1567518177 179925
1567524996 179964
1567531207 179957
1567533150 179959
1567534958 179949
1567544891 180134
1567578829 180131
1567600022 180415
1567601995 180468
1567617721 180471
1567625337 180460
1567630365 180462
1567637335 180464
1567644417 180983
1567651689 181008
1567675362 181010
1567681400 181010
1567719438 181010
1567766757 181044
1567801207 181044
1567832400 181034
1567833463 181031
1567834353 181154
1567923745 181633
1567932457 181641
1567944015 181643
1567960625 181631
1568063473 181656
1568080514 181698
1568107950 181701
1568114797 181723
1568129609 181726
1568145317 181745
1568155462 181747
1568158735 181745
1568166544 181763
1568173938 181761
1568205981 181762
1568223761 181828
1568245876 181830
1568360284 181842
1568437240 181846
1568626013 181846
1568642464 181858
1568668049 181858
1568674164 181875
1568675270 181895
1568681915 181916
1568688260 181924
1568696769 181945
1568735400 181932
1568743344 183133
1568814020 183133
1568814181 183133
1568821617 183140
1568829584 183162
1568860698 183569
1568892095 183571
1568899053 183570
1568907124 183569
1568950138 183569
1568977685 183570
1569026837 183573
1569046355 183632
1569126849 183639
1569260188 183678
1569268638 183761
1569276262 184140
1569283249 184154
1569297095 184164
1569303995 184174
1569312817 184699
1569314359 184736
1569332191 184780
1569338171 184867
1569375042 184867
1569386357 184880
1569435073 184968
1569457767 184968
1569483594 185034
1569499461 185584
1569506155 185893
1569530545 185893
1569567756 185899
1569577004 185909
1569584852 185938
1569593425 186386
1569600310 186386
1569607821 186386
1569625185 186904
1569710656 186904
1569833758 187310
1569853073 187300
1569916420 187301
1569955693 187320
1570030024 187319
1570034554 187325
1570095214 187437
1570124275 187481
1570132383 187494
1570149914 187608
1570190215 188169
1570198107 188225
1570199115 188225
1570252707 188245
1570278029 188252
1570290257 188256
1570466086 188245
1570469086 188258
1570482386 188311
1570485179 188348
1570488180 188348
1570494529 188353
1570501584 188357
1570542719 188372
1570550058 188380
1570552383 188424
1570598684 188430
1570631059 188452
1570633194 188452
1570636850 188466
1570650781 188466
1570698038 188543
1570706076 188557
1570759171 188569
1570765262 188585
1570793189 188585
1570794531 188576
1570799704 188591
1570816457 188602
1570876088 188606
1570888973 188605
1570903526 188605
1570904511 188607
1570910843 188680
1570954108 188683
1570960678 188739
1570971129 188739
1571055201 188742
1571197608 188826
1571245522 188912
1571251500 189208
1571262058 189445
1571299122 189490
1571341574 189490
1571342597 189776
1571369267 189842
1571427692 189716
1571511886 189719
1571515062 189852
1571523082 189893
1571568407 190200
1571585600 190195
1571620137 190224
1571645180 190224
1571646185 190239
1571653128 190715
1571661570 190733
1571668496 191178
1571670744 191178
1571683744 191177
1571698627 191409
1571705839 191434
1571711389 191527
1571719059 191540
1571726536 191639
1571733367 191639
1571746924 192073
1571754651 192082
1571761555 192096
1571790388 192095
1571817035 192159
1571827709 192187
1571835043 192236
1571841825 192245
1571850343 192252
1571862532 192265
1571863694 192281
1571872272 192709
1571878038 192907
1571885386 192919
1571898495 192926
1571916379 192972
1571924891 192970
1571929715 192969
1571937081 193085
1571951605 193083
1572018372 193083
1572078239 193139
1572085059 193154
1572094703 193243
1572134371 193273
1574893499 205334
1574977067 205597
1575143267 209111
1575143590 205587
